[runtimes]
run0_F2 = 12.458579063415527
run0_F3 = 24.349476099014282
run1_F2 = 11.08635401725769
run1_F3 = 19.348037004470825
run2_F2 = 10.604736089706421
run2_F3 = 22.136849880218506

[kl_divergence]
run0_F2 = 0.0017277887108704485
run0_F3 = 0.0014855000674728188
run1_F2 = 0.003558480422351894
run1_F3 = 0.0008582535911600755
run2_F2 = 0.00616237726766934
run2_F3 = 0.0011986129018828253

[silhouette_scores]
orig_data = 0.676795635847428
run0 = 0.6867646039819093
run1 = 0.6881397694669396
run2 = 0.6753162195900143

[cluster_noise]
original = "1"
run0 = "0"
run1 = "0"
run2 = "0"
